save best val loss model at E:\PycharmProj\TrafficSign106\CarND-Traffic-Sign-Classifier-Project\best_loss_weightssave last val loss model at E:\PycharmProj\TrafficSign106\CarND-Traffic-Sign-Classifier-Project\last_loss_weights
testset num is :12630
last epoch Model valid loss: 0.6255502700805664
last epoch Model valid accuracy:87.21%

last epoch Model test loss: 0.5144140720367432
last epoch Model test accuracy:87.58%

best epoch Model valid loss: 0.6255502700805664
best epoch Model valid accuracy:87.21%

best epoch Model test loss: 0.5144140720367432
best epoch Model test accuracy:87.58%

use last epoch model to analysis the dataset

total images: 12630
hang is prediction, lie is true label
['Speed limit (20km/h)', 'Speed limit (30km/h)', 'Speed limit (50km/h)', 'Speed limit (60km/h)', 'Speed limit (70km/h)', 'Speed limit (80km/h)', 'End of speed limit (80km/h)', 'Speed limit (100km/h)', 'Speed limit (120km/h)', 'No passing', 'No passing for vehicles over 3.5 metric tons', 'Right-of-way at the next intersection', 'Priority road', 'Yield', 'Stop', 'No vehicles', 'Vehicles over 3.5 metric tons prohibited', 'No entry', 'General caution', 'Dangerous curve to the left', 'Dangerous curve to the right', 'Double curve', 'Bumpy road', 'Slippery road', 'Road narrows on the right', 'Road work', 'Traffic signals', 'Pedestrians', 'Children crossing', 'Bicycles crossing', 'Beware of ice/snow', 'Wild animals crossing', 'End of all speed and passing limits', 'Turn right ahead', 'Turn left ahead', 'Ahead only', 'Go straight or right', 'Go straight or left', 'Keep right', 'Keep left', 'Roundabout mandatory', 'End of no passing', 'End of no passing by vehicles over 3.5 metric tons']
confusion matrix is:  
[28.  1.  3.  0.  0.  0.  0.  0.  0.  0.  0.  0.  0.  0.  0.  0.  0.  0.
  0.  0.  0.  0.  0.  0.  0.  0.  0.  0.  0.  0.  0.  0.  0.  0.  0.  0.
  0.  0.  0.  0.  0.  0.  0.]
[ 16. 659.  46.   8.  27.  13.   0.   3.   0.   6.   0.   0.   0.   0.
   0.   0.   0.   0.   0.   0.   0.   0.   0.   0.   0.   0.   0.   0.
   0.   0.   0.   0.   0.   0.   0.   0.   0.   0.   0.   0.   0.   0.
   0.]
[ 12.  51. 664.  11.  35.  32.   0.   4.  21.  14.   0.   0.   0.   0.
  11.   0.   0.   0.   1.   0.   0.   0.   0.   0.   0.   0.   0.   0.
   0.   0.   0.   0.   0.   0.   0.   0.   0.   1.   1.   0.   0.   0.
   0.]
[  4.   3.   5. 376.   6.  17.   0.   7.  29.   5.   1.   0.   0.   0.
   2.   0.   0.   0.   0.   0.   0.   0.   0.   0.   0.   0.   0.   0.
   0.   0.   0.   0.   0.   0.   0.   1.   0.   0.   0.   1.   0.   0.
   0.]
[  0.   1.   7.   2. 571.   8.   1.  13.  16.   0.   0.   0.   0.   0.
   0.   0.   0.   0.   0.   0.   0.   0.   0.   0.   1.   0.   0.   0.
   0.   0.   0.   0.   0.   0.   0.   0.   2.   0.   0.   0.   0.   0.
   0.]
[  0.   4.  17.  36.   0. 532.   0.  10.  14.   1.  13.   0.   1.   0.
   0.   0.   0.   0.   0.   0.   0.   0.   0.   0.   0.   0.   0.   0.
   0.   0.   0.   0.   0.   0.   3.   0.   0.   0.   0.   0.   0.   0.
   0.]
[  0.   0.   0.   0.   1.   0. 139.   0.   0.   0.   0.   0.   0.   0.
   0.   0.   0.   0.   0.   0.   0.   0.   0.   0.   0.   0.   0.   0.
   0.   0.   0.   0.   0.   0.   0.   0.   0.   0.   0.   0.   0.   0.
   7.]
[  0.   0.   4.  11.   5.  15.   0. 358.   5.   0.   0.   0.   0.   0.
   4.   0.   0.   0.   0.   0.   0.   0.   0.   0.   0.   0.   0.   0.
   0.   0.   0.   0.   0.   0.   0.   0.   0.   0.   0.   0.   0.   0.
   0.]
[  0.   1.   0.   1.   0.   7.   0.  54. 360.   0.   5.   0.   0.   0.
   0.   0.   0.   4.   0.   0.   0.   0.   0.   0.   0.   0.   0.   0.
   0.   0.   0.   0.   0.   0.   0.   0.   0.   0.   0.   0.   0.   0.
   0.]
[  0.   0.   0.   2.   0.   2.   0.   0.   4. 446.   2.   0.   0.   0.
   0.   0.   1.   0.   0.   0.   0.   0.   0.   0.   0.   0.   0.   0.
   0.   0.   0.   0.   0.   0.   0.   0.   0.   0.   0.   0.   0.   0.
   0.]
[  0.   0.   2.   2.   1.   1.   0.   0.   0.   7. 614.   0.   0.   0.
   0.   0.   0.   0.   0.   0.   0.   0.   0.   0.   0.   0.   0.   0.
   0.   0.   0.   0.   0.   0.   0.   0.   0.   0.   0.   0.   0.   0.
   0.]
[  0.   0.   0.   0.   0.   0.   0.   0.   0.   0.   0. 378.   0.   0.
   0.   0.   0.   0.   9.   0.   4.  20.   0.   6.   2.  13.   0.   0.
   2.   0.  16.   0.   0.   0.   0.   0.   0.   0.   0.   0.   0.   0.
   0.]
[  0.   0.   1.   1.   5.   2.   0.   0.   0.   0.   0.   1. 687.   1.
   2.   0.   0.   0.   0.   0.   0.   0.   0.   0.   0.   1.   0.   0.
   1.   0.   0.   0.   0.   0.   0.   1.   0.   0.   0.   0.   0.   0.
   1.]
[  0.   0.   0.   0.   0.   0.   0.   0.   0.   0.   4.   0.   1. 716.
   0.   3.   0.   9.   0.   0.   0.   0.   0.   0.   0.   1.   1.   0.
   0.   0.   1.   0.   0.   0.   0.   0.   0.   0.   2.   0.   0.   0.
   0.]
[  0.   0.   0.   0.   0.   0.   0.   0.   0.   0.   0.   0.   0.   0.
 246.   0.   0.   7.   0.   0.   0.   0.   0.   0.   0.   0.   0.   0.
   0.   0.   0.   0.   0.   0.   0.   0.   0.   0.   0.   0.   0.   0.
   0.]
[  0.   0.   0.   0.   0.   0.   0.   0.   0.   1.   0.   0.   0.   0.
   0. 207.   0.   0.   0.   0.   0.   0.   0.   0.   0.   0.   0.   0.
   0.   0.   0.   0.   0.   0.   0.   2.   0.   0.   0.   0.   0.   1.
   0.]
[  0.   0.   0.   0.   0.   0.   0.   0.   0.   0.  18.   0.   0.   0.
   0.   0. 149.   2.   0.   0.   0.   0.   0.   0.   0.   0.   0.   0.
   0.   0.   0.   0.   0.   0.   0.   0.   0.   0.   0.   0.   0.   0.
   0.]
[  0.   0.   0.   0.   0.   0.   0.   0.   0.   0.   0.   0.   0.   0.
   2.   0.   0. 338.   0.   0.   0.   0.   0.   0.   0.   0.   0.   0.
   0.   0.   0.   0.   0.   0.   0.   0.   0.   0.   0.   0.   0.   0.
   0.]
[  0.   0.   0.   0.   0.   0.   0.   0.   0.   0.   0.   1.   0.   0.
   0.   0.   0.   0. 286.   0.   0.   0.   0.   0.   3.   0.   3.   0.
   1.   0.   0.   0.   1.   0.   0.   0.   0.   1.   0.   0.   0.   0.
   0.]
[ 0.  0.  0.  0.  0.  0.  0.  0.  0.  0.  0.  0.  0.  0.  0.  0.  0.  0.
  7. 43.  5. 11.  0.  1.  0.  2.  2.  0.  0.  0.  0.  0.  0.  0.  0.  0.
  0.  0.  0.  0.  0.  0.  0.]
[ 0.  0.  0.  0.  0.  0.  2.  0.  1.  0.  3.  2.  0.  0.  0.  0.  0.  0.
  1.  2. 68.  0.  5. 12.  0.  8.  4.  0.  6.  0. 27.  9.  0.  0.  0.  0.
  0.  0.  0.  0.  0.  0.  0.]
[ 0.  0.  0.  0.  0.  0.  0.  0.  0.  0.  0.  0.  0.  0.  0.  0.  0.  0.
  4.  0.  0. 45.  0.  0.  1.  7.  0.  0.  0.  0.  0.  0.  0.  0.  0.  0.
  0.  0.  0.  0.  0.  0.  0.]
[ 0.  0.  0.  0.  0.  0.  0.  0.  0.  0.  0.  1.  0.  0.  0.  0.  0.  0.
  3.  0.  1.  6. 88.  4.  0.  0.  3.  0.  0.  0.  0.  0.  0.  0.  0.  0.
  0.  0.  0.  0.  0.  0.  0.]
[ 0.  0.  0.  0.  0.  1.  0.  1.  0.  0.  0.  3.  0.  0.  0.  0.  0.  0.
  7.  0.  0.  0.  2. 87.  0.  0.  0.  0.  1.  0.  4.  1.  0.  0.  0.  0.
  0.  0.  0.  0.  0.  0.  0.]
[ 0.  0.  0.  0.  0.  0.  0.  0.  0.  0.  0.  0.  0.  0.  0.  0.  0.  0.
  2.  0.  0.  0.  0.  0. 56.  8.  0.  0.  0.  0.  0.  0.  0.  0.  0.  0.
  0.  0.  0.  0.  0.  0.  0.]
[  0.   0.   0.   0.   1.   0.   0.   0.   0.   0.   0.  20.   0.   0.
   0.   0.   0.   0.  21.   5.   1.   0.  10.  16.   3. 412.  17.   7.
  19.   0.   7.   1.   0.   0.   0.   0.   0.   0.   0.   0.   0.   0.
   0.]
[  0.   0.   0.   0.   3.   0.   0.   0.   0.   0.   0.   0.   0.   0.
   0.   0.   0.   0.  36.   1.   1.   0.   0.   0.   2.   5. 146.   0.
   0.  13.   2.   0.   0.   0.   0.   0.   0.   0.   0.   0.   0.   0.
   0.]
[ 0.  0.  0.  0.  0.  0.  0.  0.  0.  0.  0.  1.  0.  0.  0.  0.  0.  0.
  4.  0.  0.  0.  1.  0.  7.  3.  0. 31.  0.  0.  0.  0.  0.  0.  0.  0.
  0.  0.  0.  0.  0.  0.  0.]
[  0.   0.   0.   0.   0.   0.   0.   0.   0.   0.   0.   5.   0.   2.
   0.   0.   0.   0.   2.   0.   8.   2.  12.   2.   4.  12.   0.  21.
 115.   1.   0.   0.   0.   0.   0.   0.   0.   0.   1.   0.   0.   0.
   0.]
[ 0.  0.  0.  0.  0.  0.  0.  0.  0.  0.  0.  2.  0.  0.  0.  0.  0.  0.
  1.  0.  0.  0.  0.  2.  9.  6.  0.  0.  3. 76.  1.  0.  0.  0.  0.  0.
  0.  0.  0.  0.  0.  0.  0.]
[ 0.  0.  0.  0.  0.  0.  0.  0.  0.  0.  0.  5.  0.  0.  0.  0.  0.  0.
  0.  0.  1.  0.  2. 20.  1.  0.  0.  1.  2.  0. 90.  3.  0.  0.  0.  0.
  0.  0.  0.  0.  0.  0.  0.]
[  0.   0.   0.   0.   0.   0.   0.   0.   0.   0.   0.   0.   0.   0.
   0.   0.   0.   0.   6.   9.   1.   6.   0.   0.   0.   2.   4.   0.
   0.   0.   2. 256.   0.   0.   0.   0.   0.   0.   0.   0.   0.   0.
   0.]
[ 0.  0.  0.  0.  0.  0.  1.  0.  0.  0.  0.  0.  0.  0.  0.  0.  0.  0.
  0.  0.  0.  0.  0.  0.  0.  0.  0.  0.  0.  0.  0.  0. 59.  0.  0.  0.
  0.  0.  0.  0.  0. 10.  0.]
[  0.   0.   0.   0.   3.   0.   0.   0.   0.   0.   0.   0.   0.   0.
   0.   0.   0.   0.   0.   0.   0.   0.   0.   0.   0.   0.   0.   0.
   0.   0.   0.   0.   0. 208.   0.  36.   1.   0.   0.  22.   0.   0.
   0.]
[  0.   0.   0.   0.   0.   0.   0.   0.   0.   0.   0.   0.   0.   0.
   0.   0.   0.   0.   0.   0.   0.   0.   0.   0.   0.   0.   0.   0.
   0.   0.   0.   0.   0.   0. 108.   2.   0.   7.   0.   0.   3.   0.
   0.]
[  0.   0.   1.   0.   1.   0.   0.   0.   0.   0.   0.   1.   0.   1.
   0.   0.   0.   0.   0.   0.   0.   0.   0.   0.   1.   0.   0.   0.
   0.   0.   0.   0.   0.   1.   3. 329.   0.   0.   0.   0.   0.   0.
   0.]
[  0.   0.   0.   0.   0.   0.   0.   0.   0.   0.   0.   0.   0.   0.
   0.   0.   0.   0.   0.   0.   0.   0.   0.   0.   0.   0.   0.   0.
   0.   0.   0.   0.   0.   0.   3.   6. 112.   7.   1.   0.   1.   0.
   0.]
[ 0.  0.  0.  0.  0.  0.  0.  0.  0.  0.  0.  0.  0.  0.  0.  0.  0.  0.
  0.  0.  0.  0.  0.  0.  0.  0.  0.  0.  0.  0.  0.  0.  0.  0.  2.  0.
  1. 44.  0.  1.  1.  0.  0.]
[  0.   0.   0.   0.   0.   0.   0.   0.   0.   0.   0.   0.   0.   0.
   0.   0.   0.   0.   0.   0.   0.   0.   0.   0.   0.   0.   0.   0.
   0.   0.   0.   0.   0.   0.   1.   0.   4.   0. 669.   1.   0.   0.
   0.]
[ 0.  0.  0.  0.  0.  0.  0.  0.  0.  0.  0.  0.  0.  0.  0.  0.  0.  0.
  0.  0.  0.  0.  0.  0.  0.  0.  0.  0.  0.  0.  0.  0.  0.  1.  0.  0.
  0.  0.  0. 63.  0.  0.  0.]
[ 0.  0.  0.  0.  1.  0.  0.  0.  0.  0.  0.  0.  0.  0.  3.  0.  0.  0.
  0.  0.  0.  0.  0.  0.  0.  0.  0.  0.  0.  0.  0.  0.  0.  0.  0. 13.
  0.  0. 16.  2. 85.  0.  0.]
[ 0.  0.  0.  0.  0.  0.  7.  0.  0.  0.  0.  0.  0.  0.  0.  0.  0.  0.
  0.  0.  0.  0.  0.  0.  0.  0.  0.  0.  0.  0.  0.  0.  0.  0.  0.  0.
  0.  0.  0.  0.  0. 45. 10.]
[ 0.  0.  0.  0.  0.  0.  0.  0.  0.  0.  0.  0.  1.  0.  0.  0.  0.  0.
  0.  0.  0.  0.  0.  0.  0.  0.  0.  0.  0.  0.  0.  0.  0.  0.  0.  0.
  0.  0.  0.  0.  0.  4. 72.]
End of no passing by vehicles over 3.5 metric tons category accuracy/recall is 80.00%, precision is 93.51%
average classification accuracy is 87.58%
average correct classification conf is 0.97
